5 5
0 1 2 30
0 1 3 10
1 2 4 9
1 3 4 10
1 4 5 1
130

6 7
1 1 2 3
1 2 3 2
0 1 3 30
0 3 4 20
0 4 5 30
1 3 5 6
1 5 6 1
76

4 4 
1 1 2 3
1 2 3 2 
0 1 3 30 
1 3 4 10
130

5 5
0 1 2 30
0 1 3 10
1 2 4 9
1 3 4 10
1 4 5 1
130

6 7
1 1 2 3
1 2 3 2
0 1 3 30
0 3 4 20
0 4 5 30
1 3 5 6
1 5 6 1
76

4 4
1 1 2 3
1 2 3 2
0 1 3 30
1 3 4 10
130

5 5
0 1 2 30
0 1 3 10
1 2 4 9
1 3 4 10
1 4 5 1
130

6 7
1 1 2 3
1 2 3 2
0 1 3 30
0 3 4 20
0 4 5 30
1 3 5 6
1 5 6 1
76

4 4
1 1 2 3
1 2 3 2
0 1 3 30
1 3 4 10
130

5 5
0 1 2 30
0 1 3 10
1 2 4 9
1 3 4 10
1 4 5 1
130

6 7
1 1 2 3
1 2 3 2
0 1 3 30
0 3 4 20
0 4 5 30
1 3 5 6
1 5 6 1
76

4 4
1 1 2 3
1 2 3 2
0 1 3 30
1 3 4 10
130

5 5
0 1 2 30
0 1 3 10
1 2 4 9
1 3 4 10
1 4 5 1
130

6 7
1 1 2 3
1 2 3 2
0 1 3 30
0 3 4 20
0 4 5 30
1 3 5 6
1 5 6 1
76

4 4
1 1 2 3
1 2 3 2
0 1 3 30
1 3 4 10
130

5 5
0 1 2 30
0 1 3 10
1 2 4 9
1 3 4 10
1 4 5 1
130

6 7
1 1 2 3
1 2 3 2
0 1 3 30
0 3 4 20
0 4 5 30
1 3 5 6
1 5 6 1
76

4 4
1 1 2 3
1 2 3 2
0 1 3 30
1 3 4 10
130

5 5
0 1 2 30
0 1 3 10
1 2 4 9
1 3 4 10
1 4 5 1
130

6 7
1 1 2 3
1 2 3 2
0 1 3 30
0 3 4 20
0 4 5 30
1 3 5 6
1 5 6 1
76

4 4
1 1 2 3
1 2 3 2
0 1 3 30
1 3 4 10
130

5 5
0 1 2 30
0 1 3 10
1 2 4 9
1 3 4 10
1 4 5 1
130

6 7
1 1 2 3
1 2 3 2
0 1 3 30
0 3 4 20
0 4 5 30
1 3 5 6
1 5 6 1
76

4 4
1 1 2 3
1 2 3 2
0 1 3 30
1 3 4 10
130

5 5
0 1 2 30
0 1 3 10
1 2 4 9
1 3 4 10
1 4 5 1
130

6 7
1 1 2 3
1 2 3 2
0 1 3 30
0 3 4 20
0 4 5 30
1 3 5 6
1 5 6 1
76

4 4
1 1 2 3
1 2 3 2
0 1 3 30
1 3 4 10
130

5 5
0 1 2 30
0 1 3 10
1 2 4 9
1 3 4 10
1 4 5 1
130

6 7
1 1 2 3
1 2 3 2
0 1 3 30
0 3 4 20
0 4 5 30
1 3 5 6
1 5 6 1
76

4 4
1 1 2 3
1 2 3 2
0 1 3 30
1 3 4 10
130

5 5
0 1 2 30
0 1 3 10
1 2 4 9
1 3 4 10
1 4 5 1
130

6 7
1 1 2 3
1 2 3 2
0 1 3 30
0 3 4 20
0 4 5 30
1 3 5 6
1 5 6 1
76

4 4
1 1 2 3
1 2 3 2
0 1 3 30
1 3 4 10
130

5 5
0 1 2 30
0 1 3 10
1 2 4 9
1 3 4 10
1 4 5 1
130

6 7
1 1 2 3
1 2 3 2
0 1 3 30
0 3 4 20
0 4 5 30
1 3 5 6
1 5 6 1
76

4 4
1 1 2 3
1 2 3 2
0 1 3 30
1 3 4 10
130

5 5
0 1 2 30
0 1 3 10
1 2 4 9
1 3 4 10
1 4 5 1
130

6 7
1 1 2 3
1 2 3 2
0 1 3 30
0 3 4 20
0 4 5 30
1 3 5 6
1 5 6 1
76

4 4
1 1 2 3
1 2 3 2
0 1 3 30
1 3 4 10
130

5 5
0 1 2 30
0 1 3 10
1 2 4 9
1 3 4 10
1 4 5 1
130

6 7
1 1 2 3
1 2 3 2
0 1 3 30
0 3 4 20
0 4 5 30
1 3 5 6
1 5 6 1
76

4 4
1 1 2 3
1 2 3 2
0 1 3 30
1 3 4 10
130